grid_raster/10x_.grd
DSAA
202 157
6363469.8951308 6564469.8951308
1913296.7045841 2069296.7045841
-95.909393310547 470.50952148438
[rows 88 to 109 of 157, columns 147 to 195 of 202]
286.78512573242 289.45120239258 291.958984375 293.90176391602 295.91613769531 297.40600585938 298.30911254883 298.65954589844 298.75354003906 298.12155151367 297.34924316406 295.83929443359 294.62115478516 294.68615722656 296.3395690918 299.49752807617 303.67819213867 307.90124511719 310.60638427734 312.96752929688 314.92547607422 317.34484863281 320.28439331055 322.7483215332 325.88259887695 329.59735107422 334.693359375 341.36981201172 347.62850952148 1.70141E+38 1.70141E+38 1.70141E+38 1.70141E+38 1.70141E+38 1.70141E+38 1.70141E+38 1.70141E+38 1.70141E+38 1.70141E+38 1.70141E+38 1.70141E+38 1.70141E+38 1.70141E+38 1.70141E+38 1.70141E+38 1.70141E+38 1.70141E+38 1.70141E+38 1.70141E+38
293.45309448242 296.62899780273 299.7903137207 302.3161315918 305.21276855469 307.6530456543 309.46090698242 310.51998901367 310.78576660156 309.79043579102 307.31924438477 304.00079345703 301.12881469727 299.97229003906 300.89602661133 304.21658325195 308.83129882813 313.61880493164 316.12753295898 317.57586669922 318.63745117188 320.7102355957 323.65078735352 325.92175292969 328.49871826172 331.69454956055 336.86077880859 345.09478759766 353.54870605469 364.24554443359 1.70141E+38 1.70141E+38 1.70141E+38 1.70141E+38 1.70141E+38 1.70141E+38 1.70141E+38 1.70141E+38 1.70141E+38 1.70141E+38 1.70141E+38 1.70141E+38 1.70141E+38 1.70141E+38 1.70141E+38 1.70141E+38 1.70141E+38 1.70141E+38 1.70141E+38
298.45404052734 302.05239868164 305.71963500977 308.6819152832 312.23287963867 315.37826538086 317.87307739258 319.50961303711 319.94589233398 318.63171386719 314.98114013672 310.28094482422 305.74829101563 303.29669189453 303.26147460938 306.80682373047 312.20291137695 317.46350097656 319.83575439453 320.47729492188 320.92395019531 323.01345825195 326.40835571289 328.71997070313 330.92361450195 333.52490234375 338.58740234375 348.16644287109 358.61599731445 370.18078613281 1.70141E+38 1.70141E+38 1.70141E+38 1.70141E+38 1.70141E+38 1.70141E+38 1.70141E+38 1.70141E+38 1.70141E+38 1.70141E+38 1.70141E+38 1.70141E+38 1.70141E+38 1.70141E+38 1.70141E+38 1.70141E+38 1.70141E+38 1.70141E+38 1.70141E+38
304.39831542969 308.61431884766 312.96453857422 316.49426269531 320.87249755859 324.81927490234 328.30093383789 330.76147460938 331.52987670898 329.8740234375 324.43688964844 318.03262329102 312.1379699707 306.92767333984 305.6667175293 309.65432739258 315.84927368164 321.93655395508 324.36148071289 323.97937011719 324.05822753906 326.65319824219 330.58248901367 333.13446044922 334.93316650391 336.38214111328 340.96887207031 351.64840698242 363.30786132813 374.95251464844 376.98721313477 1.70141E+38 1.70141E+38 1.70141E+38 1.70141E+38 1.70141E+38 1.70141E+38 1.70141E+38 1.70141E+38 1.70141E+38 1.70141E+38 1.70141E+38 1.70141E+38 1.70141E+38 1.70141E+38 1.70141E+38 1.70141E+38 1.70141E+38 1.70141E+38
309.66760253906 314.38101196289 319.68203735352 323.72024536133 328.80972290039 333.48947143555 337.77429199219 341.01306152344 342.22952270508 340.60250854492 332.69586181641 321.765625 312.04177856445 307.5412902832 307.10702514648 311.89337158203 318.34039306641 324.28732299805 326.61614990234 326.73165893555 328.04949951172 331.3303527832 335.87051391602 338.90692138672 340.82159423828 339.9446105957 344.22357177734 352.85830688477 362.45288085938 373.19570922852 376.63891601563 1.70141E+38 1.70141E+38 1.70141E+38 1.70141E+38 1.70141E+38 1.70141E+38 1.70141E+38 1.70141E+38 1.70141E+38 1.70141E+38 1.70141E+38 1.70141E+38 1.70141E+38 1.70141E+38 1.70141E+38 1.70141E+38 1.70141E+38 1.70141E+38
314.54788208008 319.87515258789 325.57965087891 330.01922607422 335.62826538086 341.02517700195 345.85992431641 349.6640625 351.48129272461 351.15768432617 339.83633422852 322.21435546875 307.58618164063 305.76431274414 308.83355712891 314.68585205078 320.775390625 325.58563232422 327.36990356445 328.68539428711 331.93988037109 336.08172607422 341.30252075195 345.30728149414 348.37542724609 347.00665283203 348.49429321289 354.45974731445 361.48904418945 370.31396484375 374.71890258789 376.63623046875 1.70141E+38 1.70141E+38 1.70141E+38 1.70141E+38 1.70141E+38 1.70141E+38 1.70141E+38 1.70141E+38 1.70141E+38 1.70141E+38 1.70141E+38 1.70141E+38 1.70141E+38 1.70141E+38 1.70141E+38 1.70141E+38 1.70141E+38
318.82925415039 324.72955322266 330.93460083008 335.67837524414 341.61791992188 347.05136108398 352.07540893555 356.20346069336 358.06402587891 357.35803222656 345.50653076172 325.9094543457 309.08108520508 309.3544921875 314.17486572266 319.98211669922 324.91421508789 328.50921630859 330.14935302734 332.14273071289 335.9391784668 340.42092895508 345.84283447266 350.07888793945 353.88751220703 351.84603881836 351.65734863281 355.24627685547 360.75537109375 367.1125793457 372.23812866211 376.58303833008 382.05462646484 1.70141E+38 1.70141E+38 1.70141E+38 1.70141E+38 1.70141E+38 1.70141E+38 1.70141E+38 1.70141E+38 1.70141E+38 1.70141E+38 1.70141E+38 1.70141E+38 1.70141E+38 1.70141E+38 1.70141E+38 1.70141E+38
321.81372070313 328.11386108398 334.63122558594 339.53070068359 345.58139038086 351.02593994141 355.96661376953 359.76705932617 361.35763549805 359.61032104492 349.56164550781 332.92620849609 319.56237792969 318.08020019531 321.73150634766 326.67370605469 330.01910400391 332.41687011719 333.92776489258 336.12951660156 339.4716796875 343.72448730469 348.64605712891 352.07705688477 354.89605712891 353.56921386719 352.61285400391 354.44909667969 358.09768676758 364.3606262207 370.26770019531 376.62783813477 384.39349365234 390.90625 1.70141E+38 1.70141E+38 1.70141E+38 1.70141E+38 1.70141E+38 1.70141E+38 1.70141E+38 1.70141E+38 1.70141E+38 1.70141E+38 1.70141E+38 1.70141E+38 1.70141E+38 1.70141E+38 1.70141E+38
324.87301635742 331.67437744141 338.54455566406 343.57614135742 349.47937011719 354.89599609375 359.51110839844 362.87164306641 364.12536621094 362.3219909668 354.99105834961 343.58645629883 334.75650024414 333.26382446289 335.64306640625 337.97839355469 338.57781982422 338.96044921875 339.82989501953 341.99533081055 344.85211181641 348.11483764648 351.65408325195 354.09628295898 355.75173950195 354.56866455078 352.83471679688 352.19515991211 354.54162597656 360.72891235352 368.05911254883 377.04959106445 387.77877807617 394.99810791016 400.37435913086 402.4501953125 1.70141E+38 1.70141E+38 1.70141E+38 1.70141E+38 1.70141E+38 1.70141E+38 1.70141E+38 1.70141E+38 1.70141E+38 1.70141E+38 1.70141E+38 1.70141E+38 1.70141E+38
326.994140625 334.45910644531 341.63104248047 346.74487304688 352.52081298828 357.63549804688 361.85372924805 364.8210144043 365.92330932617 364.70129394531 359.97583007813 353.30303955078 348.3401184082 348.4743347168 351.05133056641 351.40716552734 348.89364624023 346.93988037109 346.91506958008 348.35653686523 350.55316162109 352.95590209961 355.16442871094 356.54089355469 357.17263793945 355.59799194336 352.70446777344 350.3125 351.76971435547 358.32867431641 366.8649597168 377.64755249023 390.55419921875 398.97845458984 1.70141E+38 1.70141E+38 1.70141E+38 1.70141E+38 1.70141E+38 1.70141E+38 1.70141E+38 1.70141E+38 1.70141E+38 1.70141E+38 1.70141E+38 1.70141E+38 1.70141E+38 1.70141E+38 1.70141E+38
328.74862670898 336.56954956055 344.06176757813 349.31158447266 354.67810058594 359.40124511719 363.30224609375 366.1396484375 367.35260009766 366.93096923828 364.43521118164 361.09161376953 359.30731201172 360.84106445313 364.01684570313 362.69049072266 358.40014648438 354.90316772461 354.09628295898 354.77499389648 355.76580810547 357.88690185547 358.97518920898 359.79852294922 359.88485717773 358.09411621094 354.74713134766 350.27545166016 350.78118896484 358.59985351563 367.39447021484 378.06051635742 390.60443115234 398.92919921875 1.70141E+38 1.70141E+38 1.70141E+38 1.70141E+38 1.70141E+38 1.70141E+38 1.70141E+38 1.70141E+38 1.70141E+38 1.70141E+38 1.70141E+38 1.70141E+38 1.70141E+38 1.70141E+38 1.70141E+38
330.43664550781 338.2509765625 346.05261230469 351.73538208008 356.03295898438 360.26193237305 363.7165222168 367.39334106445 368.69760131836 369.11227416992 368.4684753418 367.51370239258 367.56063842773 369.19021606445 371.03305053711 369.73095703125 365.55920410156 361.87738037109 360.58084106445 360.50598144531 361.33694458008 362.69989013672 363.47103881836 364.05178833008 364.39440917969 363.1408996582 360.17578125 355.53399658203 355.4235534668 362.62738037109 370.1794128418 379.18338012695 389.34265136719 396.4582824707 1.70141E+38 1.70141E+38 1.70141E+38 1.70141E+38 1.70141E+38 1.70141E+38 1.70141E+38 1.70141E+38 1.70141E+38 1.70141E+38 1.70141E+38 1.70141E+38 1.70141E+38 1.70141E+38 1.70141E+38
332.3215637207 339.57366943359 346.85000610352 352.0439453125 356.5256652832 360.55554199219 363.80264282227 368.71237182617 369.78637695313 370.73751831055 371.31378173828 371.70581054688 372.54379272461 373.80001831055 374.69970703125 373.25378417969 369.69226074219 366.38616943359 364.93771362305 364.42706298828 365.11990356445 366.35653686523 367.39633178711 368.21438598633 368.95236206055 368.58892822266 366.55081176758 363.71072387695 363.83383178711 368.15084838867 373.9655456543 381.10720825195 389.28540039063 395.18112182617 1.70141E+38 1.70141E+38 1.70141E+38 1.70141E+38 1.70141E+38 1.70141E+38 1.70141E+38 1.70141E+38 1.70141E+38 1.70141E+38 1.70141E+38 1.70141E+38 1.70141E+38 1.70141E+38 1.70141E+38
335.76013183594 340.86431884766 346.90100097656 351.12145996094 356.24932861328 360.33636474609 362.07113647461 365.80172729492 369.65661621094 372.49304199219 374.21469116211 375.94223022461 377.734375 378.6643371582 378.49975585938 376.81854248047 373.96200561523 371.20007324219 369.84246826172 369.05157470703 369.61770629883 371.12164306641 372.93319702148 374.38174438477 376.08950805664 376.8444519043 376.12811279297 374.86004638672 374.86538696289 376.88650512695 380.46929931641 385.33383178711 391.14443969727 395.22793579102 1.70141E+38 1.70141E+38 1.70141E+38 1.70141E+38 1.70141E+38 1.70141E+38 1.70141E+38 1.70141E+38 1.70141E+38 1.70141E+38 1.70141E+38 1.70141E+38 1.70141E+38 1.70141E+38 1.70141E+38
329.85369873047 339.18041992188 345.60897827148 348.71243286133 352.08380126953 355.86325073242 357.65670776367 361.3349609375 368.13595581055 371.40844726563 375.88162231445 378.76992797852 381.20574951172 382.11633300781 381.29092407227 379.47677612305 377.05834960938 374.76931762695 373.62548828125 372.97619628906 373.68139648438 375.56204223633 378.09719848633 380.27966308594 383.02001953125 384.875 385.65451049805 385.24227905273 385.03622436523 385.83316040039 387.68124389648 390.72381591797 394.69342041016 397.32269287109 1.70141E+38 1.70141E+38 1.70141E+38 1.70141E+38 1.70141E+38 1.70141E+38 1.70141E+38 1.70141E+38 1.70141E+38 1.70141E+38 1.70141E+38 1.70141E+38 1.70141E+38 1.70141E+38 1.70141E+38
323.86059570313 333.03076171875 338.83181762695 339.62490844727 342.86721801758 343.96963500977 348.09036254883 352.59994506836 361.94940185547 368.73504638672 375.39959716797 379.13516235352 382.13433837891 383.20416259766 382.47219848633 380.82461547852 378.83706665039 377.02136230469 376.17883300781 375.95867919922 376.98980712891 379.26977539063 382.37661743164 385.14172363281 388.77105712891 391.68548583984 394.40161132813 394.38989257813 393.74652099609 393.90979003906 394.66595458984 396.45861816406 399.25735473633 401.3147277832 1.70141E+38 1.70141E+38 1.70141E+38 1.70141E+38 1.70141E+38 1.70141E+38 1.70141E+38 1.70141E+38 1.70141E+38 1.70141E+38 1.70141E+38 1.70141E+38 1.70141E+38 1.70141E+38 1.70141E+38
319.33889770508 329.25247192383 334.11312866211 334.8512878418 335.93814086914 338.69537353516 342.61099243164 348.06716918945 353.00592041016 365.20071411133 372.08825683594 377.01022338867 380.35809326172 381.70037841797 381.77282714844 380.81100463867 379.44171142578 378.19662475586 377.72116088867 377.87307739258 379.30447387695 381.98391723633 385.62255859375 388.79992675781 393.07830810547 396.72235107422 399.81427001953 400.66430664063 400.52096557617 400.5869140625 400.84671020508 401.92407226563 404.07019042969 406.1891784668 1.70141E+38 1.70141E+38 1.70141E+38 1.70141E+38 1.70141E+38 1.70141E+38 1.70141E+38 1.70141E+38 1.70141E+38 1.70141E+38 1.70141E+38 1.70141E+38 1.70141E+38 1.70141E+38 1.70141E+38
318.25869750977 327.11764526367 332.76681518555 333.29293823242 335.06298828125 338.23873901367 342.47442626953 348.03829956055 353.09066772461 361.72540283203 369.08740234375 374.38250732422 377.96743774414 379.61187744141 380.31246948242 380.01013183594 379.21697998047 378.45529174805 378.27053833008 378.77835083008 380.54763793945 383.54470825195 387.37713623047 390.75717163086 395.34417724609 399.25469970703 402.31683349609 403.84329223633 404.28845214844 404.49548339844 404.69650268555 405.52734375 407.27865600586 409.09643554688 412.05749511719 1.70141E+38 1.70141E+38 1.70141E+38 1.70141E+38 1.70141E+38 1.70141E+38 1.70141E+38 1.70141E+38 1.70141E+38 1.70141E+38 1.70141E+38 1.70141E+38 1.70141E+38 1.70141E+38
317.24426269531 323.91790771484 331.46563720703 331.60702514648 333.8098449707 337.43298339844 341.62826538086 346.94259643555 351.70849609375 358.52676391602 364.80877685547 369.97076416016 373.78894042969 375.87243652344 377.41470336914 378.07885742188 378.14923095703 378.08227539063 378.27853393555 379.22299194336 381.4543762207 384.77395629883 389.01712036133 392.57739257813 397.39535522461 401.64663696289 405.01666259766 407.15313720703 408.06399536133 408.64215087891 409.07080078125 409.84130859375 411.18121337891 412.47302246094 414.39605712891 1.70141E+38 1.70141E+38 1.70141E+38 1.70141E+38 1.70141E+38 1.70141E+38 1.70141E+38 1.70141E+38 1.70141E+38 1.70141E+38 1.70141E+38 1.70141E+38 1.70141E+38 1.70141E+38
318.35427856445 321.01818847656 325.66589355469 329.13491821289 332.44723510742 336.86456298828 340.08843994141 344.9411315918 349.24426269531 354.88189697266 360.1828918457 364.921875 368.89190673828 371.42321777344 373.83142089844 375.53115844727 376.5466003418 377.20901489258 377.80807495117 379.00842285156 381.74087524414 385.54598999023 390.01675415039 393.66830444336 398.56143188477 402.95413208008 406.62774658203 409.22360229492 410.53591918945 411.64248657227 412.49865722656 413.42831420898 414.59399414063 415.57873535156 416.93020629883 1.70141E+38 1.70141E+38 1.70141E+38 1.70141E+38 1.70141E+38 1.70141E+38 1.70141E+38 1.70141E+38 1.70141E+38 1.70141E+38 1.70141E+38 1.70141E+38 1.70141E+38 1.70141E+38
314.79745483398 322.54693603516 324.91186523438 326.6266784668 328.83813476563 332.80651855469 337.56723022461 342.1340637207 345.98532104492 350.79998779297 355.40948486328 359.68612670898 363.57177734375 366.46655273438 369.88095092773 372.68127441406 374.71258544922 376.17993164063 377.2373046875 378.59298706055 381.82626342773 386.0466003418 390.63488769531 394.30941772461 399.19216918945 403.61502075195 407.47003173828 410.44229125977 412.14111328125 413.79388427734 415.11965942383 416.30990600586 417.49356079102 418.36956787109 419.5065612793 1.70141E+38 1.70141E+38 1.70141E+38 1.70141E+38 1.70141E+38 1.70141E+38 1.70141E+38 1.70141E+38 1.70141E+38 1.70141E+38 1.70141E+38 1.70141E+38 1.70141E+38 1.70141E+38
307.29721069336 318.27243041992 324.64645385742 325.22766113281 326.70022583008 330.14910888672 334.46353149414 339.00787353516 342.52221679688 346.62628173828 350.41079711914 354.17718505859 358.36056518555 361.68148803711 366.02117919922 369.81506347656 372.90170288086 375.22399902344 376.84838867188 379.09985351563 382.4167175293 386.48541259766 391.07403564453 394.71932983398 399.54281616211 403.94122314453 407.89456176758 411.14874267578 413.16522216797 415.27886962891 417.01300048828 418.48455810547 419.80587768555 420.69677734375 421.76358032227 1.70141E+38 1.70141E+38 1.70141E+38 1.70141E+38 1.70141E+38 1.70141E+38 1.70141E+38 1.70141E+38 1.70141E+38 1.70141E+38 1.70141E+38 1.70141E+38 1.70141E+38 1.70141E+38
