grid_raster/10x_.grd
DSAA
202 157
6363469.8951308 6564469.8951308
1913296.7045841 2069296.7045841
-95.909393310547 470.50952148438
[rows 44 to 65 of 157, columns 49 to 97 of 202]
10.212215423584 13.157054901123 17.752288818359 22.722774505615 22.572177886963 18.830745697021 13.768817901611 8.5243034362793 4.5399703979492 1.9462509155273 -1.132682800293 -3.4281044006348 -5.8367195129395 -8.2401580810547 -10.029201507568 -11.797027587891 -12.72526550293 -12.469650268555 -10.757099151611 -7.8312044143677 -3.2015047073364 0.95998412370682 4.8761215209961 9.1064357757568 13.171275138855 16.248449325562 19.421705245972 22.903347015381 26.654813766479 30.685846328735 34.621143341064 37.914245605469 39.565879821777 38.77490234375 36.409736633301 33.790077209473 30.946380615234 28.04801940918 25.205936431885 22.627368927002 20.429103851318 18.680179595947 17.244974136353 18.047985076904 15.38773727417 13.667881965637 12.553108215332 11.478758811951 10.431841850281
17.383728027344 19.558616638184 23.089870452881 26.304321289063 25.829658508301 22.199882507324 17.093505859375 11.943939208984 7.5422248840332 4.6819343566895 1.7230644226074 -0.70566558837891 -3.3801040649414 -5.9779243469238 -7.9818534851074 -10.016574859619 -11.172847747803 -11.031589508057 -9.176456451416 -5.9276475906372 -0.46945607662201 4.6933960914612 9.8197917938232 14.478637695313 18.040727615356 20.736633300781 23.110345840454 25.511283874512 27.998668670654 30.749298095703 33.663242340088 36.030284881592 36.816078186035 35.531433105469 33.575801849365 31.357669830322 28.938541412354 26.385848999023 23.85394859314 21.509950637817 19.498931884766 17.83332824707 16.36842918396 19.67137336731 21.224182128906 18.617897033691 11.935664176941 10.928541183472 9.9449996948242
23.444530487061 24.857070922852 26.977485656738 28.307395935059 27.560485839844 24.395004272461 19.852203369141 15.240695953369 11.05460357666 8.1795997619629 5.1420059204102 2.2618980407715 -0.72842025756836 -3.5600204467773 -5.721492767334 -8.0591430664063 -9.5367202758789 -9.5833435058594 -6.987042427063 -3.4292562007904 3.0727558135986 9.0385675430298 15.210510253906 20.073663711548 23.378717422485 25.343162536621 26.795324325562 28.205211639404 29.5146484375 30.820394515991 32.57889175415 33.708473205566 33.658504486084 32.553760528564 30.945224761963 29.112087249756 26.970590591431 24.71245765686 22.468879699707 20.364082336426 18.584606170654 17.042322158813 15.630115509033 20.815456390381 25.110511779785 19.54207611084 11.310218811035 10.364121437073 9.4416103363037
28.422576904297 29.111026763916 30.020492553711 30.137962341309 28.978034973145 26.152492523193 22.356594085693 18.338184356689 14.692008972168 11.909442901611 8.6547393798828 5.2311363220215 2.1639137268066 -0.83605194091797 -3.0555229187012 -5.6608772277832 -7.5691528320313 -8.0035133361816 -5.7940497398376 0.64046281576157 8.6092987060547 16.915691375732 24.143507003784 27.847911834717 29.432094573975 30.036127090454 30.285760879517 30.404409408569 30.415172576904 30.624549865723 30.958847045898 31.187620162964 30.918521881104 29.893632888794 28.550462722778 26.943157196045 25.123180389404 23.162160873413 21.198404312134 19.359441757202 17.729343414307 16.277299880981 14.912506103516 18.489078521729 20.68270111084 16.530469894409 10.62013053894 9.7922401428223 8.941951751709
32.615783691406 32.659858703613 32.651561737061 31.971450805664 30.533889770508 27.848754882813 24.633003234863 21.247032165527 18.093826293945 15.487812042236 12.096786499023 8.29541015625 5.0075950622559 2.3582420349121 0.27496337890625 -2.3628692626953 -4.7333297729492 -5.2998352050781 -3.7237722873688 5.3496809005737 15.6938829422 26.819841384888 34.374309539795 36.987701416016 36.126468658447 34.44393157959 33.056720733643 32.077857971191 30.932298660278 29.901582717896 29.269853591919 28.898569107056 28.394050598145 27.595582962036 26.475652694702 25.083745956421 23.475252151489 21.759099960327 20.036643981934 18.400964736938 16.942594528198 15.560425758362 14.233870506287 12.979001998901 12.398582458496 10.80837726593 9.9552574157715 9.2090082168579 8.3746223449707
35.415084838867 35.17359161377 34.655418395996 33.553951263428 31.973888397217 29.448036193848 26.414825439453 23.385089874268 20.665439605713 18.161155700684 14.766124725342 10.688552856445 7.501106262207 5.2270851135254 3.3618812561035 0.83127212524414 -1.4103012084961 -2.7106781005859 -0.58348393440247 8.9586324691772 20.819149017334 32.999786376953 42.118392944336 44.510005950928 41.745029449463 37.924140930176 34.799922943115 32.748420715332 30.67714881897 29.107992172241 27.860034942627 27.085824966431 26.494630813599 25.716167449951 24.672801971436 23.442472457886 22.039335250854 20.519313812256 19.002285003662 17.568141937256 16.197593688965 14.855317115784 13.555160522461 12.32687664032 11.210220336914 10.22449016571 9.3518562316895 8.5556612014771 7.5031042098999
38.839595794678 38.104724884033 37.204639434814 35.72184753418 34.028408050537 31.605571746826 28.885444641113 26.222953796387 23.758594512939 21.588989257813 18.627265930176 15.338478088379 12.467746734619 10.169486999512 8.4944267272949 6.1856346130371 4.1511917114258 3.4092102050781 4.8263320922852 10.866786956787 22.561803817749 34.70446395874 43.523826599121 46.737342834473 43.871433258057 39.263820648193 35.194931030273 32.322612762451 30.095596313477 28.186824798584 26.6353931427 25.661874771118 24.942914962769 24.185487747192 23.227630615234 22.088689804077 20.788143157959 19.448654174805 18.100070953369 16.766498565674 15.469411849976 14.172787666321 12.906121253967 11.701416969299 10.614761352539 9.6673069000244 8.7592487335205 7.5834727287292 6.1327896118164
42.106422424316 41.097038269043 39.796306610107 38.159023284912 36.458503723145 34.090042114258 31.607692718506 29.257736206055 27.018981933594 25.052612304688 22.736167907715 20.246448516846 17.916007995605 15.888252258301 14.33321762085 12.425903320313 10.824642181396 10.234233856201 10.610359191895 11.21980381012 21.165121078491 31.61646270752 39.704532623291 43.002674102783 40.872985839844 37.285015106201 33.927501678467 31.385440826416 29.189632415771 27.162363052368 25.523084640503 24.493741989136 23.765827178955 22.995599746704 22.060720443726 20.974847793579 19.778261184692 18.541000366211 17.287956237793 16.046438217163 14.795524597168 13.534869194031 12.295422554016 11.116159439087 10.061591148376 9.0996284484863 7.8350510597229 6.1491589546204 6.0787496566772
45.347869873047 44.136123657227 42.629920959473 40.873405456543 39.17582321167 36.917110443115 34.646141052246 32.544944763184 30.5810546875 28.909118652344 27.03885269165 25.286140441895 23.514583587646 21.889427185059 20.59260559082 19.074600219727 17.781723022461 16.880882263184 16.62232208252 16.162769317627 18.377851486206 26.608949661255 33.027095794678 36.505722045898 35.23575592041 33.193008422852 31.320770263672 29.798976898193 27.878143310547 26.005760192871 24.559215545654 23.639032363892 22.950429916382 22.148599624634 21.195333480835 20.133171081543 18.999813079834 17.841442108154 16.639333724976 15.419069290161 14.196124076843 12.969762802124 11.766587257385 10.615839004517 9.5093421936035 8.241189956665 6.4846177101135 4.1052613258362 7.2980914115906
48.655166625977 47.272060394287 45.637756347656 43.794219970703 42.18115234375 40.056671142578 38.034488677979 36.158020019531 34.496803283691 33.133529663086 31.700668334961 30.485397338867 29.233627319336 28.017387390137 26.981662750244 25.770858764648 24.605785369873 23.510704040527 22.417705535889 21.469017028809 20.408409118652 21.486873626709 26.789402008057 29.555910110474 29.551021575928 29.153852462769 28.285383224487 27.418045043945 26.239643096924 24.803743362427 23.781480789185 23.11665725708 22.468933105469 21.64253616333 20.642063140869 19.576316833496 18.463272094727 17.305986404419 16.111799240112 14.900201797485 13.705801963806 12.509799957275 11.335721969604 10.129236221313 8.779860496521 6.8920707702637 4.535569190979 3.8313858509064 7.907642364502
51.343914031982 49.883041381836 48.200561523438 46.367782592773 44.744209289551 42.74840927124 40.901649475098 39.337779998779 37.925903320313 36.778671264648 35.661945343018 34.644866943359 33.692859649658 32.745109558105 32.035221099854 30.992713928223 29.815155029297 28.516101837158 26.996398925781 25.440979003906 23.586639404297 19.173582077026 22.215055465698 24.110908508301 24.997142791748 25.331201553345 25.224273681641 24.936479568481 24.425510406494 23.686483383179 23.161447525024 22.76549911499 22.235712051392 21.353776931763 20.308139801025 19.205186843872 18.072015762329 16.898378372192 15.696886062622 14.491550445557 13.304807662964 12.127513885498 10.916610717773 9.4631071090698 7.5798897743225 5.1941270828247 3.0102694034576 5.3087511062622 8.3683204650879
54.744476318359 53.186931610107 51.490993499756 49.640193939209 48.106868743896 46.310981750488 44.661853790283 43.379745483398 42.281482696533 41.376274108887 40.610404968262 39.959934234619 39.359531402588 38.744487762451 38.042030334473 37.332920074463 36.125755310059 34.538536071777 32.4782371521 30.665199279785 27.928970336914 22.666557312012 17.764165878296 19.564775466919 21.032012939453 22.163576126099 22.616598129272 22.740921020508 22.67960357666 22.62091255188 22.67748260498 23.60524559021 23.235000610352 24.136745452881 23.333080291748 21.248996734619 19.872388839722 20.853467941284 18.090143203735 18.497182846069 16.951522827148 15.243138313293 13.310900688171 9.0158548355103 6.0779266357422 4.8014230728149 4.962112903595 6.5967864990234 9.269416809082
58.093292236328 56.550956726074 54.819404602051 52.997550964355 51.559852600098 49.925380706787 48.504547119141 47.392646789551 46.681854248047 46.000434875488 45.535430908203 45.172267913818 44.878684997559 44.545127868652 43.999794006348 43.240226745605 42.149452209473 40.287620544434 37.5950050354 35.054069519043 31.135879516602 24.46321105957 19.256824493408 15.295337677002 17.112180709839 19.03723526001 20.496604919434 21.343296051025 24.7483959198 30.569000244141 30.495380401611 32.773780822754 32.903678894043 31.788597106934 30.263694763184 28.97127532959 27.463005065918 26.173149108887 25.136352539063 24.004577636719 22.771949768066 20.536075592041 16.486972808838 11.945178985596 8.84144115448 6.6595497131348 6.4607582092285 8.2456932067871 10.708930969238
61.574806213379 59.910778045654 58.189517974854 56.387191772461 55.072746276855 53.544574737549 52.331607818604 51.470687866211 50.915573120117 50.536609649658 50.316551208496 50.234489440918 50.210369110107 50.120124816895 49.747005462646 49.136745452881 47.839256286621 45.855808258057 42.540435791016 39.05835723877 33.539302825928 26.834510803223 21.099952697754 18.613983154297 17.435392379761 20.691230773926 20.859725952148 26.534929275513 31.598075866699 36.777462005615 39.919570922852 41.693176269531 40.699829101563 38.986366271973 37.090316772461 35.713760375977 34.221519470215 33.007400512695 31.964698791504 30.608558654785 28.899192810059 25.285987854004 20.377788543701 14.849353790283 10.451656341553 8.650333404541 8.2296714782715 9.8902702331543 12.397640228271
65.140991210938 63.354602813721 61.487117767334 59.810611724854 58.52091217041 57.105995178223 56.070789337158 55.431274414063 55.13249206543 54.822311401367 54.961864471436 55.173389434814 55.438774108887 55.56706237793 55.379959106445 54.968151092529 53.749580383301 51.557453155518 47.75940322876 43.854297637939 37.362339019775 30.198036193848 24.100540161133 20.816226959229 20.527423858643 22.656688690186 26.579578399658 31.929885864258 37.947341918945 43.940315246582 47.641292572021 49.362785339355 47.545066833496 44.891792297363 42.850109100342 41.488460540771 40.084365844727 39.090797424316 38.274909973145 36.974998474121 35.099945068359 30.788261413574 24.270977020264 17.532447814941 12.554664611816 10.490074157715 10.067543029785 11.790920257568 14.602500915527
67.980285644531 66.143432617188 64.236251831055 62.483169555664 61.268672943115 60.033061981201 59.138523101807 58.650024414063 58.528228759766 58.331359863281 58.523906707764 59.093360900879 59.801296234131 59.886978149414 59.837028503418 59.612739562988 58.495090484619 56.102577209473 52.134506225586 48.034969329834 41.463233947754 34.093036651611 27.218864440918 24.04370880127 24.396705627441 26.505226135254 30.569511413574 35.905143737793 41.894157409668 48.084747314453 51.759239196777 53.381767272949 51.408935546875 48.607524871826 46.349681854248 45.017158508301 43.766525268555 43.156269073486 42.661685943604 41.724155426025 40.022506713867 35.372741699219 27.55103302002 19.486618041992 14.004768371582 11.908912658691 11.635124206543 13.542568206787 16.723628997803
71.569686889648 69.593299865723 67.60440826416 65.716766357422 64.553909301758 63.346698760986 62.685390472412 62.386638641357 62.518173217773 62.452896118164 63.004470825195 64.314491271973 65.373725891113 65.41138458252 65.560211181641 65.625625610352 64.748565673828 62.51277923584 58.751651763916 54.608005523682 48.079437255859 41.321182250977 33.480167388916 30.35139465332 31.12544631958 32.500713348389 35.750328063965 40.388339996338 45.614166259766 51.074440002441 54.130760192871 55.526927947998 54.000255584717 51.533317565918 49.428615570068 48.136177062988 47.14591217041 46.848197937012 47.050701141357 46.990341186523 46.14054107666 41.876876831055 31.676147460938 21.549041748047 15.519214630127 13.59651184082 13.785594940186 16.047119140625 19.759029388428
75.184234619141 73.010887145996 70.814682006836 68.795791625977 67.694869995117 66.690483093262 66.181976318359 66.128173828125 66.394226074219 66.528106689453 67.444473266602 68.811508178711 70.067001342773 70.839263916016 71.47388458252 71.850494384766 71.271965026855 69.352813720703 65.996337890625 62.30163192749 56.658973693848 51.09651184082 45.957336425781 42.026290893555 40.296264648438 39.379432678223 40.798080444336 43.853012084961 47.992469787598 52.202934265137 54.504547119141 55.67098236084 54.687919616699 52.687000274658 50.719062805176 49.476142883301 48.692924499512 48.814430236816 49.543266296387 50.387035369873 50.616130828857 47.377662658691 34.572418212891 22.454818725586 16.575904846191 15.289886474609 16.178031921387 18.944232940674 22.976867675781
78.74080657959 76.398391723633 73.845718383789 71.641052246094 70.606071472168 69.932662963867 70.06876373291 70.194519042969 70.327301025391 70.525321960449 71.853393554688 73.367294311523 75.06071472168 76.613082885742 77.310180664063 78.24494934082 77.967468261719 76.467514038086 73.623054504395 70.565673828125 66.119354248047 62.096683502197 58.897010803223 54.49341583252 50.141227722168 46.379814147949 45.397514343262 46.587093353271 49.239974975586 52.263168334961 53.921699523926 54.885108947754 54.219493865967 52.514205932617 50.45272064209 49.093627929688 48.331226348877 48.743503570557 49.838890075684 50.829528808594 50.687046051025 46.602531433105 34.306224822998 21.508743286133 17.518295288086 17.313110351563 18.867340087891 22.134246826172 26.473091125488
81.946517944336 79.470024108887 76.597518920898 74.155906677246 73.151611328125 72.716285705566 73.887222290039 74.072334289551 74.019752502441 74.345893859863 76.06999206543 78.212226867676 80.448379516602 82.510040283203 83.490051269531 84.503364562988 84.684280395508 83.493301391602 81.145927429199 78.636703491211 75.197685241699 71.949043273926 69.167495727539 64.065406799316 58.316093444824 52.415683746338 49.186515808105 48.520751953125 49.759883880615 51.759395599365 52.96310043335 53.786689758301 53.162208557129 51.453685760498 49.050537109375 47.303764343262 46.272388458252 46.835067749023 48.060707092285 48.691928863525 47.891876220703 43.118057250977 33.516387939453 23.638877868652 20.130409240723 20.185611724854 22.116264343262 25.615783691406 30.097953796387
84.186233520508 81.348724365234 78.219039916992 75.705703735352 74.421447753906 73.705924987793 74.178062438965 74.80256652832 75.727813720703 76.68537902832 78.974884033203 81.834136962891 84.574142456055 86.955429077148 88.253242492676 89.466857910156 89.574600219727 88.541427612305 86.646011352539 84.377723693848 81.236030578613 77.980010986328 74.357955932617 68.576171875 62.780860900879 56.029804229736 51.674903869629 49.680847167969 50.064441680908 51.363399505615 52.339958190918 53.046035766602 52.537166595459 50.751113891602 47.904319763184 45.578968048096 44.1379737854 44.673477172852 45.929779052734 46.337089538574 45.270698547363 40.977058410645 33.69116973877 26.207061767578 23.012577056885 23.008308410645 24.99201965332 28.549583435059 33.024726867676
86.568023681641 83.615356445313 80.304794311523 77.528678894043 76.103088378906 75.02262878418 75.036651611328 76.052383422852 78.037384033203 79.840156555176 82.92741394043 86.546974182129 89.945022583008 92.82396697998 94.410873413086 95.83381652832 96.04248046875 95.068572998047 93.016021728516 91.067657470703 87.780174255371 84.014755249023 79.458984375 73.024551391602 67.188194274902 59.831497192383 54.138332366943 50.699607849121 50.303848266602 50.834331512451 51.459980010986 52.030910491943 51.620067596436 49.731872558594 46.140766143799 43.323738098145 41.097663879395 41.262084960938 42.410228729248 42.811420440674 41.879299163818 38.655715942383 33.76513671875 28.990653991699 26.648300170898 26.863624572754 28.986915588379 32.69172668457 36.940612792969
