grid_raster/10x_.grd
DSAA
202 157
6363469.8951308 6564469.8951308
1913296.7045841 2069296.7045841
-95.909393310547 470.50952148438
[rows 110 to 131 of 157, columns 49 to 97 of 202]
93.683921813965 97.170539855957 100.24546813965 102.81664276123 104.51583099365 106.42237091064 107.97483825684 109.2306060791 110.37577819824 111.22880554199 112.4986038208 114.10995483398 116.27632141113 119.17330169678 121.84605407715 125.98683929443 130.64495849609 135.07760620117 138.8631439209 139.98750305176 140.14852905273 139.59393310547 138.48580932617 137.09490966797 135.79042053223 134.05130004883 132.19192504883 130.3292388916 128.0817565918 125.44271087646 123.42247772217 121.41822814941 119.61650085449 117.65003967285 115.42781066895 113.72024536133 111.62305450439 109.61449432373 107.89165496826 106.48153686523 105.70516967773 105.21480560303 105.4388885498 106.23526763916 107.48980712891 108.72026824951 110.54127502441 112.66773223877 114.99481964111
92.206748962402 95.851577758789 99.032028198242 101.89334869385 103.80715942383 105.96161651611 107.77083587646 109.39189147949 110.88668823242 112.01428222656 113.59706115723 115.551902771 118.08372497559 121.25881195068 123.98782348633 128.40843200684 133.16415405273 137.63485717773 141.28096008301 142.42222595215 142.69654846191 142.1513671875 141.07957458496 139.68585205078 138.41032409668 136.71118164063 134.93975830078 133.01696777344 130.9694519043 128.53410339355 126.67038726807 124.59309387207 122.74422454834 120.70031738281 118.4948425293 116.70232391357 114.45642852783 112.42347717285 110.55851745605 108.9859161377 108.03289794922 107.08966064453 107.40957641602 108.1964263916 109.32753753662 110.43391418457 112.17443084717 114.16160583496 116.3391494751
91.104827880859 94.879402160645 98.210205078125 101.25433349609 103.32472991943 105.72941589355 107.78546142578 109.69123077393 111.48629760742 112.84602355957 114.71711730957 116.94250488281 119.64610290527 123.01648712158 125.80253601074 130.21131896973 134.88603210449 139.19285583496 142.40608215332 143.76585388184 144.40284729004 144.12159729004 143.23847961426 142.01229858398 140.85401916504 139.29205322266 137.6431427002 135.85153198242 133.91070556641 131.93269348145 130.22204589844 128.18865966797 126.22354125977 124.16393280029 121.90686035156 120.11947631836 117.84362792969 115.71109771729 113.80409240723 112.11573028564 111.0382232666 109.73036956787 110.08603668213 110.76275634766 111.72041320801 112.65348815918 114.21211242676 116.06558227539 118.03905487061
90.399284362793 94.173561096191 97.721199035645 100.91368103027 103.11323547363 105.64900970459 107.99033355713 110.13307189941 112.17379760742 113.66284179688 115.80979919434 118.22465515137 121.05657958984 124.31114196777 127.19496154785 131.45907592773 135.94311523438 139.95516967773 143.14491271973 144.60920715332 145.56758117676 145.5782623291 145.04666137695 144.10238647461 143.1349029541 141.8257598877 140.34172058105 138.73948669434 137.01904296875 135.21618652344 133.81182861328 131.89855957031 129.94136047363 127.91616821289 125.72724914551 123.98583984375 121.73295593262 119.58850097656 117.5397644043 115.9075012207 114.83142089844 113.85095977783 113.65469360352 113.97125244141 114.70635986328 115.46817016602 116.78553771973 118.33535766602 120.11740112305
90.000244140625 93.944190979004 97.57893371582 100.88416290283 103.10806274414 105.87233734131 108.38291931152 110.72821807861 112.90058135986 114.58448791504 116.89175415039 119.42422485352 122.21129608154 125.4719543457 128.18783569336 132.24285888672 136.41555786133 140.4128112793 143.55731201172 145.11784362793 146.34255981445 146.76084899902 146.60797119141 146.01338195801 145.30319213867 144.25877380371 143.03706359863 141.67701721191 140.23281860352 138.64794921875 137.3233795166 135.70788574219 133.93121337891 131.99313354492 129.9372253418 128.28245544434 126.1637878418 124.00910949707 121.97817993164 120.20314025879 119.27563476563 118.25638580322 117.78707885742 117.8217010498 118.26707458496 118.83615112305 119.8536605835 121.09446716309 122.46293640137
1.70141E+38 94.052764892578 97.734100341797 101.1003036499 103.37986755371 106.23652648926 108.85369873047 111.29467010498 113.57373046875 115.33779907227 117.7652130127 120.35409545898 123.13043212891 126.25918579102 128.81083679199 132.64562988281 136.74389648438 140.70610046387 143.85299682617 145.48489379883 146.91236877441 147.61674499512 147.72520446777 147.40476989746 146.88372802734 146.15043640137 145.16282653809 144.02124023438 142.78082275391 141.40199279785 140.23017883301 138.6743927002 137.04759216309 135.25537109375 133.4766998291 131.9172668457 129.89755249023 127.82056427002 125.84197998047 124.08612060547 123.00021362305 121.91326904297 121.30084228516 121.28324890137 121.49835205078 121.87467956543 122.62536621094 123.59219360352 124.69255065918
1.70141E+38 1.70141E+38 1.70141E+38 1.70141E+38 1.70141E+38 106.9188079834 109.6403503418 112.12735748291 114.57836914063 116.4176864624 118.88574981689 121.46421813965 124.23770141602 127.09519958496 129.32241821289 132.67926025391 136.94148254395 140.98614501953 144.18576049805 145.84089660645 147.56991577148 148.61483764648 149.1008605957 149.14906311035 148.89779663086 148.43902587891 147.84977722168 147.03648376465 146.06840515137 144.97640991211 144.01647949219 142.75465393066 141.33920288086 139.78314208984 138.08074951172 136.87385559082 134.9820098877 133.05563354492 131.19129943848 129.5387878418 128.41285705566 127.24105834961 126.43809509277 126.00565338135 126.03788757324 126.12970733643 126.4838104248 127.02914428711 127.75875854492
1.70141E+38 1.70141E+38 1.70141E+38 1.70141E+38 1.70141E+38 1.70141E+38 1.70141E+38 113.22591400146 115.74911499023 117.63635253906 120.0771484375 122.7283782959 125.41741943359 128.03298950195 129.88562011719 132.79084777832 137.28378295898 141.41461181641 144.5598449707 146.38442993164 148.31105041504 149.64859008789 150.45069885254 150.87115478516 150.89045715332 150.78117370605 150.45053100586 150.03900146484 149.38912963867 148.60523986816 147.87417602539 146.89579772949 145.76179504395 144.47702026367 143.03359985352 141.85079956055 140.35546875 138.6376953125 136.9457244873 135.40542602539 134.31221008301 133.0827331543 132.09550476074 131.37312316895 130.8775177002 130.80917358398 130.71479797363 130.82168579102 131.11108398438
1.70141E+38 1.70141E+38 1.70141E+38 1.70141E+38 1.70141E+38 1.70141E+38 1.70141E+38 1.70141E+38 117.11018371582 119.02472686768 121.48326873779 124.08255767822 126.77819824219 129.33749389648 131.17024230957 134.04693603516 138.19999694824 142.13916015625 145.22793579102 147.08497619629 149.19194030762 150.77523803711 151.86831665039 152.61499023438 152.89093017578 153.12059020996 153.12174987793 152.9462890625 152.71401977539 152.24914550781 151.76815795898 151.07843017578 150.24649047852 149.25814819336 148.13496398926 147.13223266602 145.74206542969 144.4677734375 143.04821777344 141.64485168457 140.62617492676 139.37757873535 138.24531555176 137.18267822266 136.2607421875 135.68225097656 135.26150512695 134.87382507324 134.68823242188
1.70141E+38 1.70141E+38 1.70141E+38 1.70141E+38 1.70141E+38 1.70141E+38 1.70141E+38 1.70141E+38 1.70141E+38 120.53788757324 123.06595611572 125.64938354492 128.2925567627 130.91836547852 132.94020080566 135.96708679199 139.60238647461 143.0601348877 146.12094116211 148.00291442871 150.20980834961 151.97663879395 153.37051391602 154.40769958496 154.91966247559 155.44790649414 155.78198242188 155.92936706543 155.91586303711 155.87139892578 155.62359619141 155.24810791016 154.72860717773 154.06838989258 153.23385620117 152.47113037109 151.40010070801 150.2564239502 149.32592773438 148.1792755127 147.2903137207 146.07588195801 144.79013061523 143.38215637207 141.9789276123 140.99438476563 139.89091491699 139.11491394043 138.42256164551
1.70141E+38 1.70141E+38 1.70141E+38 1.70141E+38 1.70141E+38 1.70141E+38 1.70141E+38 1.70141E+38 1.70141E+38 1.70141E+38 124.40935516357 126.97300720215 129.53579711914 132.22106933594 134.30401611328 137.34043884277 140.78048706055 144.00086975098 146.96997070313 148.8733215332 151.16258239746 153.02069091797 154.57922363281 155.86569213867 156.54530334473 157.29476928711 157.86267089844 158.24743652344 158.47308349609 158.5503692627 158.47886657715 158.33355712891 158.18383789063 157.76135253906 157.17639160156 156.60974121094 155.80657958984 154.96376037598 154.08190917969 153.17970275879 152.42994689941 151.54888916016 150.12615966797 148.43347167969 146.62159729004 145.29493713379 143.74458312988 142.40130615234 141.32395935059
1.70141E+38 1.70141E+38 1.70141E+38 1.70141E+38 1.70141E+38 1.70141E+38 1.70141E+38 1.70141E+38 1.70141E+38 1.70141E+38 1.70141E+38 1.70141E+38 1.70141E+38 134.11726379395 136.23017883301 139.20648193359 142.30241394043 145.38117980957 148.248046875 150.16325378418 152.45849609375 154.51525878906 156.25901794434 157.71447753906 158.60725402832 159.65350341797 160.49934387207 161.17053222656 161.67047119141 162.05461120605 162.2119140625 162.36985778809 162.38676452637 162.40930175781 162.1531829834 161.8497467041 161.41882324219 160.96995544434 160.51824951172 160.03601074219 159.54708862305 158.603515625 157.30052185059 155.18942260742 152.76919555664 151.0068359375 148.75042724609 146.79623413086 145.16268920898
1.70141E+38 1.70141E+38 1.70141E+38 1.70141E+38 1.70141E+38 1.70141E+38 1.70141E+38 1.70141E+38 1.70141E+38 1.70141E+38 1.70141E+38 1.70141E+38 1.70141E+38 1.70141E+38 1.70141E+38 1.70141E+38 1.70141E+38 1.70141E+38 1.70141E+38 1.70141E+38 1.70141E+38 156.15455627441 158.04740905762 159.64332580566 160.67976379395 162.02359008789 163.11596679688 164.0451965332 164.80506896973 165.46347045898 165.83480834961 166.27899169922 166.58236694336 166.76568603516 166.97257995605 166.93368530273 166.88548278809 166.86042785645 166.89587402344 166.93011474609 166.80209350586 166.11709594727 164.47160339355 162.12292480469 159.10504150391 156.72616577148 153.76669311523 151.17500305176 149.02397155762
1.70141E+38 1.70141E+38 1.70141E+38 1.70141E+38 1.70141E+38 1.70141E+38 1.70141E+38 1.70141E+38 1.70141E+38 1.70141E+38 1.70141E+38 1.70141E+38 1.70141E+38 1.70141E+38 1.70141E+38 1.70141E+38 1.70141E+38 1.70141E+38 1.70141E+38 1.70141E+38 1.70141E+38 1.70141E+38 1.70141E+38 1.70141E+38 162.85729980469 164.32482910156 165.70408630371 166.82479858398 167.85096740723 168.75634765625 169.32261657715 170.00769042969 170.59893798828 171.06916809082 171.4342956543 171.77951049805 172.10514831543 172.51014709473 173.05038452148 173.64828491211 173.96246337891 173.66687011719 171.90357971191 168.77949523926 165.27102661133 162.33294677734 158.67440795898 155.4553527832 152.7555847168
1.70141E+38 1.70141E+38 1.70141E+38 1.70141E+38 1.70141E+38 1.70141E+38 1.70141E+38 1.70141E+38 1.70141E+38 1.70141E+38 1.70141E+38 1.70141E+38 1.70141E+38 1.70141E+38 1.70141E+38 1.70141E+38 1.70141E+38 1.70141E+38 1.70141E+38 1.70141E+38 1.70141E+38 1.70141E+38 1.70141E+38 1.70141E+38 1.70141E+38 166.69525146484 168.13116455078 169.5625 170.79385375977 171.91532897949 172.65414428711 173.56715393066 174.40368652344 175.13330078125 175.77731323242 176.19432067871 176.98971557617 177.77426147461 178.76588439941 179.90129089355 180.68963623047 180.95124816895 178.99938964844 175.32528686523 170.85559082031 167.59991455078 163.33345031738 159.65951538086 156.36965942383
1.70141E+38 1.70141E+38 1.70141E+38 1.70141E+38 1.70141E+38 1.70141E+38 1.70141E+38 1.70141E+38 1.70141E+38 1.70141E+38 1.70141E+38 1.70141E+38 1.70141E+38 1.70141E+38 1.70141E+38 1.70141E+38 1.70141E+38 1.70141E+38 1.70141E+38 1.70141E+38 1.70141E+38 1.70141E+38 1.70141E+38 1.70141E+38 1.70141E+38 1.70141E+38 170.08840942383 171.56454467773 172.9280090332 174.18952941895 175.10359191895 176.20701599121 177.21089172363 178.11703491211 178.92347717285 179.51159667969 180.36892700195 181.37055969238 182.56684875488 184.18937683105 185.26774597168 186.09785461426 183.92385864258 179.70262145996 174.86625671387 171.19183349609 166.60556030273 162.63171386719 159.14880371094
1.70141E+38 1.70141E+38 1.70141E+38 1.70141E+38 1.70141E+38 1.70141E+38 1.70141E+38 1.70141E+38 1.70141E+38 1.70141E+38 1.70141E+38 1.70141E+38 1.70141E+38 1.70141E+38 1.70141E+38 1.70141E+38 1.70141E+38 1.70141E+38 1.70141E+38 1.70141E+38 1.70141E+38 1.70141E+38 1.70141E+38 1.70141E+38 1.70141E+38 1.70141E+38 1.70141E+38 174.15112304688 175.66192626953 177.04014587402 178.02320861816 179.39129638672 180.57897949219 181.67788696289 182.67848205566 183.42057800293 184.47549438477 185.66061401367 187.01013183594 188.58860778809 189.83480834961 190.6551361084 188.55210876465 184.14761352539 179.16906738281 175.35958862305 170.68118286133 166.32612609863 162.45346069336
1.70141E+38 1.70141E+38 1.70141E+38 1.70141E+38 1.70141E+38 1.70141E+38 1.70141E+38 1.70141E+38 1.70141E+38 1.70141E+38 1.70141E+38 1.70141E+38 1.70141E+38 1.70141E+38 1.70141E+38 1.70141E+38 1.70141E+38 1.70141E+38 1.70141E+38 1.70141E+38 1.70141E+38 1.70141E+38 1.70141E+38 1.70141E+38 1.70141E+38 1.70141E+38 1.70141E+38 1.70141E+38 1.70141E+38 1.70141E+38 1.70141E+38 182.25726318359 183.67706298828 184.88903808594 186.0673828125 186.91256713867 188.07373046875 189.27197265625 190.61380004883 191.99293518066 192.82846069336 193.03469848633 191.10186767578 187.24810791016 182.50076293945 178.79614257813 174.16165161133 1.70141E+38 1.70141E+38
1.70141E+38 1.70141E+38 1.70141E+38 1.70141E+38 1.70141E+38 1.70141E+38 1.70141E+38 1.70141E+38 1.70141E+38 1.70141E+38 1.70141E+38 1.70141E+38 1.70141E+38 1.70141E+38 1.70141E+38 1.70141E+38 1.70141E+38 1.70141E+38 1.70141E+38 1.70141E+38 1.70141E+38 1.70141E+38 1.70141E+38 1.70141E+38 1.70141E+38 1.70141E+38 1.70141E+38 1.70141E+38 1.70141E+38 1.70141E+38 1.70141E+38 184.98231506348 186.37567138672 187.8120880127 189.08432006836 189.98533630371 191.17333984375 192.31950378418 193.48077392578 194.50059509277 194.96018981934 194.66912841797 192.81121826172 189.39057922363 185.06074523926 181.74798583984 1.70141E+38 1.70141E+38 1.70141E+38
1.70141E+38 1.70141E+38 1.70141E+38 1.70141E+38 1.70141E+38 1.70141E+38 1.70141E+38 1.70141E+38 1.70141E+38 1.70141E+38 1.70141E+38 1.70141E+38 1.70141E+38 1.70141E+38 1.70141E+38 1.70141E+38 1.70141E+38 1.70141E+38 1.70141E+38 1.70141E+38 1.70141E+38 1.70141E+38 1.70141E+38 1.70141E+38 1.70141E+38 1.70141E+38 1.70141E+38 1.70141E+38 1.70141E+38 1.70141E+38 1.70141E+38 1.70141E+38 1.70141E+38 1.70141E+38 1.70141E+38 1.70141E+38 1.70141E+38 1.70141E+38 1.70141E+38 1.70141E+38 1.70141E+38 1.70141E+38 1.70141E+38 1.70141E+38 1.70141E+38 1.70141E+38 1.70141E+38 1.70141E+38 1.70141E+38
1.70141E+38 1.70141E+38 1.70141E+38 1.70141E+38 1.70141E+38 1.70141E+38 1.70141E+38 1.70141E+38 1.70141E+38 1.70141E+38 1.70141E+38 1.70141E+38 1.70141E+38 1.70141E+38 1.70141E+38 1.70141E+38 1.70141E+38 1.70141E+38 1.70141E+38 1.70141E+38 1.70141E+38 1.70141E+38 1.70141E+38 1.70141E+38 1.70141E+38 1.70141E+38 1.70141E+38 1.70141E+38 1.70141E+38 1.70141E+38 1.70141E+38 1.70141E+38 1.70141E+38 1.70141E+38 1.70141E+38 1.70141E+38 1.70141E+38 1.70141E+38 1.70141E+38 1.70141E+38 1.70141E+38 1.70141E+38 1.70141E+38 1.70141E+38 1.70141E+38 1.70141E+38 1.70141E+38 1.70141E+38 1.70141E+38
1.70141E+38 1.70141E+38 1.70141E+38 1.70141E+38 1.70141E+38 1.70141E+38 1.70141E+38 1.70141E+38 1.70141E+38 1.70141E+38 1.70141E+38 1.70141E+38 1.70141E+38 1.70141E+38 1.70141E+38 1.70141E+38 1.70141E+38 1.70141E+38 1.70141E+38 1.70141E+38 1.70141E+38 1.70141E+38 1.70141E+38 1.70141E+38 1.70141E+38 1.70141E+38 1.70141E+38 1.70141E+38 1.70141E+38 1.70141E+38 1.70141E+38 1.70141E+38 1.70141E+38 1.70141E+38 1.70141E+38 1.70141E+38 1.70141E+38 1.70141E+38 1.70141E+38 1.70141E+38 1.70141E+38 1.70141E+38 1.70141E+38 1.70141E+38 1.70141E+38 1.70141E+38 1.70141E+38 1.70141E+38 1.70141E+38
