grid_raster/10x_.grd
DSAA
202 157
6363469.8951308 6564469.8951308
1913296.7045841 2069296.7045841
-95.909393310547 470.50952148438
[rows 44 to 65 of 157, columns 0 to 48 of 202]
1.70141E+38 1.70141E+38 1.70141E+38 1.70141E+38 1.70141E+38 1.70141E+38 1.70141E+38 1.70141E+38 -69.864486694336 -62.519161224365 -53.344512939453 -42.654651641846 -34.092227935791 -21.111078262329 -7.2915897369385 6.8994331359863 21.713321685791 36.262920379639 46.486698150635 59.951721191406 72.354339599609 81.139961242676 82.617950439453 81.820327758789 79.349594116211 75.587219238281 70.827728271484 65.419593811035 60.826915740967 54.404182434082 48.5549659729 43.738819122314 40.48974609375 39.158084869385 38.443862915039 38.683082580566 39.402275085449 40.163669586182 40.53178024292 40.116611480713 38.40115737915 35.392650604248 31.666164398193 28.497352600098 24.157489776611 20.034774780273 15.80428314209 12.16870880127 10.335227966309
1.70141E+38 1.70141E+38 1.70141E+38 1.70141E+38 1.70141E+38 1.70141E+38 1.70141E+38 1.70141E+38 -73.720397949219 -66.624305725098 -57.722587585449 -47.425064086914 -38.481971740723 -25.272521972656 -11.394407272339 3.5000419616699 18.892127990723 33.645259857178 44.686943054199 58.563896179199 70.772903442383 79.396514892578 81.950355529785 81.52124786377 79.350883483887 75.832443237305 71.422576904297 65.991439819336 61.255653381348 54.448951721191 47.79647064209 42.779354095459 39.900291442871 38.876892089844 38.900119781494 39.942859649658 41.572811126709 43.24063873291 44.146884918213 44.538932800293 43.096130371094 39.962154388428 35.872756958008 32.669769287109 28.657390594482 24.72297668457 21.320980072021 18.586303710938 17.263729095459
1.70141E+38 1.70141E+38 1.70141E+38 1.70141E+38 1.70141E+38 1.70141E+38 1.70141E+38 1.70141E+38 -77.406295776367 -70.679107666016 -62.275085449219 -52.068473815918 -43.062099456787 -29.627578735352 -15.486099243164 -0.12602233886719 15.749649047852 31.071048736572 42.413116455078 56.285293579102 67.95085144043 76.217994689941 79.826751708984 80.204147338867 78.672454833984 75.57861328125 71.539978027344 66.332885742188 61.444938659668 53.927478790283 46.399757385254 41.217121124268 38.80086517334 38.326992034912 39.185840606689 41.060817718506 43.550910949707 46.093132019043 47.615413665771 48.817584991455 47.804626464844 44.073204040527 39.533603668213 36.312191009521 32.602367401123 29.197765350342 26.431243896484 24.336349487305 23.357879638672
1.70141E+38 1.70141E+38 1.70141E+38 1.70141E+38 1.70141E+38 1.70141E+38 1.70141E+38 1.70141E+38 -80.977722167969 -74.87548828125 -66.951065063477 -56.745532989502 -47.63187789917 -34.313232421875 -19.467803955078 -3.9677810668945 12.223121643066 28.473964691162 40.018402099609 53.458797454834 65.03303527832 73.280570983887 77.403610229492 78.472663879395 77.5673828125 74.935523986816 71.071502685547 65.771865844727 60.748416900635 52.416439056396 44.024471282959 39.011974334717 37.33821105957 37.653594970703 39.323257446289 42.043689727783 45.255298614502 48.398784637451 50.533535003662 52.765350341797 52.115493774414 47.23705291748 42.262687683105 39.283802032471 35.96509552002 33.160575866699 30.884918212891 29.347240447998 28.545257568359
-95.909393310547 -95.218551635742 -94.676788330078 -93.851440429688 -92.807258605957 -91.451942443848 -89.717956542969 -87.843849182129 -84.246841430664 -79.066452026367 -71.410705566406 -61.268173217773 -52.338115692139 -38.210865020752 -22.767314910889 -6.9579391479492 9.865608215332 26.163970947266 37.392921447754 51.203742980957 62.592525482178 70.662857055664 75.369667053223 76.818222045898 76.322402954102 73.757202148438 69.775657653809 64.234619140625 59.169288635254 49.483257293701 40.48987197876 36.146129608154 35.815265655518 37.026081085205 39.606414794922 42.983768463135 46.674644470215 50.153285980225 52.462581634521 54.631587982178 53.65657043457 48.705764770508 43.821269989014 41.363151550293 38.802139282227 36.64493560791 34.885093688965 33.559871673584 32.9616355896
-94.991958618164 -94.524261474609 -94.127807617188 -93.536430358887 -92.792175292969 -91.829254150391 -90.510238647461 -89.058708190918 -86.212608337402 -81.661018371582 -74.41423034668 -64.101188659668 -54.957801818848 -40.558685302734 -24.610906600952 -8.3627891540527 8.5700454711914 24.995937347412 36.21150970459 49.921161651611 61.276180267334 69.398490905762 74.382843017578 75.969772338867 75.564865112305 72.854789733887 68.526733398438 62.649383544922 56.689765930176 47.103675842285 37.911697387695 34.32160949707 35.199924468994 36.947242736816 40.166976928711 43.878051757813 47.62419128418 51.244323730469 53.429271697998 55.051170349121 53.784698486328 49.118785858154 44.782012939453 42.837940216064 40.901412963867 39.227439880371 37.756679534912 36.628192901611 35.927688598633
-93.725891113281 -93.47737121582 -93.244728088379 -92.831214904785 -92.376052856445 -91.852378845215 -91.095672607422 -90.214233398438 -88.353210449219 -84.712615966797 -78.146697998047 -68.119659423828 -58.270439147949 -43.163913726807 -27.299858093262 -10.228307723999 6.8803100585938 22.931407928467 34.575214385986 48.303157806396 59.420501708984 67.943145751953 73.145164489746 74.796112060547 74.396949768066 71.500381469727 66.859649658203 60.252578735352 54.065658569336 44.917495727539 35.997550964355 33.743209838867 35.399230957031 37.631156921387 41.25772857666 45.048854827881 48.898696899414 52.313083648682 54.19934463501 55.284122467041 53.926433563232 50.095417022705 46.573120117188 45.037998199463 43.641403198242 42.366088867188 41.215469360352 40.256458282471 39.553131103516
-92.240493774414 -92.116989135742 -91.921752929688 -91.583503723145 -91.214492797852 -90.917579650879 -90.593948364258 -90.205268859863 -89.118087768555 -86.661376953125 -81.25439453125 -70.799499511719 -60.467071533203 -45.317276000977 -28.66370010376 -11.43856048584 5.242862701416 21.727634429932 33.313751220703 47.087554931641 58.158309936523 66.860374450684 72.311309814453 74 73.429275512695 70.46785736084 65.618041992188 58.920913696289 52.96223449707 44.940673828125 38.223129272461 35.996738433838 37.373809814453 39.53173828125 43.095302581787 46.766944885254 50.390331268311 53.454254150391 55.030494689941 55.89905166626 54.823375701904 52.211456298828 49.459415435791 47.980739593506 46.63159942627 45.605175018311 44.621913909912 43.744976043701 42.995788574219
-90.568023681641 -90.448867797852 -90.176223754883 -89.698577880859 -89.196151733398 -88.902008056641 -88.763328552246 -88.633361816406 -88.165840148926 -86.636306762695 -82.868621826172 -71.568168640137 -60.885997772217 -45.588775634766 -28.897674560547 -11.83490562439 4.6768035888672 20.977851867676 32.421070098877 45.720050811768 57.152042388916 65.982238769531 71.994758605957 73.41854095459 72.558212280273 69.783248901367 65.082290649414 58.901390075684 53.803638458252 46.867317199707 41.67936706543 39.687065124512 40.669105529785 42.483211517334 45.551940917969 48.968151092529 52.225830078125 54.861431121826 56.266471862793 57.081443786621 56.430057525635 54.629570007324 52.576606750488 51.250511169434 49.962440490723 48.907104492188 48.080665588379 47.195671081543 46.390754699707
-88.762321472168 -88.519546508789 -88.026054382324 -87.197219848633 -86.379905700684 -85.717636108398 -85.458160400391 -85.321273803711 -84.967010498047 -83.680694580078 -79.494644165039 -69.161712646484 -59.334770202637 -44.180885314941 -27.996660232544 -11.81950378418 4.7335510253906 20.669689178467 31.471691131592 44.922603607178 56.169479370117 64.592506408691 70.550445556641 72.119766235352 71.634063720703 69.18147277832 65.101760864258 59.956569671631 55.540458679199 49.912422180176 45.86124420166 44.060321807861 44.571640014648 46.092468261719 48.636283874512 51.57596206665 54.414226531982 56.715618133545 57.950805664063 58.726005554199 58.46044921875 57.279998779297 55.76863861084 54.682121276855 53.469360351563 52.449558258057 51.635738372803 50.679977416992 49.809246063232
-87.275497436523 -86.794906616211 -86.052673339844 -84.743347167969 -83.458084106445 -82.529182434082 -81.824630737305 -81.497108459473 -80.919853210449 -79.237251281738 -74.674194335938 -65.645782470703 -56.090103149414 -41.782680511475 -26.280757904053 -10.662675857544 5.4306545257568 20.534191131592 31.501808166504 44.680484771729 55.701469421387 63.899375915527 69.372924804688 71.065124511719 70.998199462891 68.964584350586 65.471206665039 61.058578491211 57.288864135742 52.639095306396 49.235023498535 47.623596191406 47.906280517578 48.958694458008 51.175651550293 53.844585418701 56.300651550293 58.445049285889 59.580688476563 60.360858917236 60.259044647217 59.419292449951 58.353393554688 57.397636413574 56.294651031494 55.306835174561 54.375240325928 53.378879547119 52.473220825195
-85.385589599609 -84.639266967773 -83.305145263672 -81.153694152832 -79.079467773438 -77.410842895508 -76.302032470703 -75.410057067871 -74.368499755859 -72.164169311523 -67.421401977539 -59.370864868164 -51.016593933105 -37.912887573242 -23.98724937439 -8.913293838501 6.3760967254639 20.893236160278 31.459878921509 44.247978210449 54.683692932129 62.824420928955 67.945610046387 69.71558380127 69.955871582031 68.544441223145 65.981506347656 62.480503082275 59.553039550781 55.976364135742 53.310989379883 51.951934814453 52.015686035156 52.793670654297 54.550842285156 56.701564788818 58.894134521484 60.784420013428 61.824878692627 62.641117095947 62.772922515869 62.301345825195 61.589138031006 60.835517883301 59.884132385254 58.964168548584 57.995632171631 56.935836791992 56.000625610352
-83.529846191406 -82.31706237793 -80.26904296875 -76.97144317627 -73.848854064941 -71.317169189453 -69.558364868164 -68.500984191895 -66.759429931641 -64.241180419922 -59.778026580811 -52.422065734863 -45.011421203613 -33.603424072266 -20.624900817871 -6.7134399414063 7.2359924316406 21.463933944702 31.658845901489 43.724060058594 54.20911026001 62.105087280273 66.914947509766 68.702255249023 69.143928527832 68.293807983398 66.498977661133 63.893402099609 61.674591064453 58.966369628906 56.82735824585 55.827781677246 55.815856933594 56.392288208008 57.811882019043 59.567676544189 61.463405609131 63.241680145264 64.18448638916 65.084609985352 65.408416748047 65.230270385742 64.700866699219 64.225204467773 63.447895050049 62.579734802246 61.61686706543 60.539287567139 59.536762237549
-81.802719116211 -80.007102966309 -77.085723876953 -72.308334350586 -67.822631835938 -64.390609741211 -62.07682800293 -60.658592224121 -58.621780395508 -56.123401641846 -51.897178649902 -45.365985870361 -39.001522064209 -28.678070068359 -16.98691368103 -4.7167015075684 8.6288013458252 22.138061523438 31.963024139404 43.738731384277 54.062801361084 61.853614807129 66.572402954102 68.299293518066 68.760055541992 68.402938842773 67.144287109375 65.208190917969 63.586822509766 61.502922058105 59.894775390625 59.149608612061 59.147663116455 59.618053436279 60.780120849609 62.352935791016 64.049224853516 65.655700683594 66.612983703613 67.571990966797 68.061935424805 68.113815307617 67.834396362305 67.424499511719 66.908317565918 66.14094543457 65.218223571777 64.126586914063 63.096656799316
-80.174423217773 -77.738830566406 -73.715339660645 -67.05924987793 -61.008567810059 -56.871337890625 -54.060409545898 -52.471675872803 -50.638969421387 -48.039855957031 -44.304344177246 -38.801555633545 -32.984970092773 -23.67064666748 -13.54510974884 -2.5003051757813 9.8884620666504 22.740436553955 31.922315597534 43.900955200195 54.216354370117 61.90478515625 66.870483398438 68.656143188477 69.285095214844 68.940299987793 67.877365112305 66.394134521484 65.095779418945 63.542068481445 62.392375946045 61.800617218018 61.961120605469 62.4033203125 63.463626861572 64.902000427246 66.48063659668 67.951042175293 68.97412109375 70.007423400879 70.634422302246 70.906036376953 70.852676391602 70.611396789551 70.162437438965 69.633895874023 68.817398071289 67.723541259766 66.685134887695
-78.535087585449 -75.734321594238 -70.568954467773 -62.291675567627 -55.46932220459 -50.659713745117 -47.722358703613 -46.137317657471 -44.451221466064 -42.317977905273 -39.031513214111 -34.010799407959 -28.946092605591 -20.853715896606 -11.748257637024 -1.0719833374023 10.740125656128 22.825897216797 32.21216583252 44.170246124268 54.392250061035 62.526920318604 67.604934692383 69.414054870605 70.047454833984 69.583129882813 68.51692199707 67.189781188965 66.093414306641 64.848472595215 63.973209381104 63.583297729492 63.77042388916 64.197296142578 65.328491210938 66.718795776367 68.206474304199 69.70964050293 70.679504394531 71.776931762695 72.584007263184 73.005493164063 73.119216918945 73.002288818359 72.711410522461 72.214408874512 71.497100830078 70.567337036133 69.549575805664
-75.428375244141 -71.677047729492 -65.264205932617 -55.184394836426 -47.553588867188 -42.653053283691 -39.598628997803 -38.229503631592 -36.810321807861 -35.129692077637 -32.60916519165 -28.482618331909 -24.36577796936 -17.59619140625 -9.5430488586426 0.18355178833008 11.20923614502 22.791975021362 32.027717590332 44.083457946777 54.693214416504 63.286956787109 68.54759979248 70.224487304688 70.713989257813 70.050018310547 68.963256835938 67.757232666016 66.846832275391 65.970520019531 65.421318054199 65.312240600586 65.657218933105 66.173080444336 67.277160644531 68.722511291504 70.210647583008 71.740036010742 72.755935668945 73.927574157715 74.84797668457 75.533882141113 75.856948852539 75.9169921875 75.85506439209 75.583404541016 75.029342651367 74.087875366211 73.249389648438
-70.641448974609 -65.521461486816 -58.139232635498 -47.392219543457 -39.058925628662 -34.505409240723 -31.993198394775 -30.891357421875 -29.874273300171 -28.693943023682 -26.852836608887 -23.836353302002 -20.437042236328 -15.043336868286 -7.9229412078857 0.81160354614258 10.752773284912 22.125770568848 31.235315322876 43.144199371338 54.670394897461 64.095024108887 69.348266601563 70.805435180664 70.911636352539 70.041915893555 68.902038574219 67.835388183594 67.112716674805 66.539672851563 66.334381103516 66.524139404297 67.084175109863 67.709823608398 68.907928466797 70.351524353027 71.937324523926 73.535041809082 74.576049804688 75.918556213379 77.005805969238 77.792411804199 78.428199768066 78.672317504883 78.871734619141 78.86100769043 78.542846679688 77.749237060547 76.831451416016
-65.053756713867 -58.839496612549 -51.146953582764 -39.568534851074 -30.932867050171 -27.223600387573 -25.524785995483 -24.505432128906 -23.825868606567 -23.107217788696 -21.883445739746 -19.751642227173 -17.373489379883 -12.91552066803 -6.946268081665 0.52209091186523 9.8860282897949 20.745182037354 29.267715454102 41.601016998291 53.84049987793 64.810684204102 69.877670288086 70.561294555664 70.231071472168 69.264694213867 68.212066650391 67.358955383301 66.857711791992 66.622825622559 66.76619720459 67.255897521973 68.091209411621 68.856414794922 70.142288208008 71.681632995605 73.390396118164 75.037338256836 76.216598510742 77.707473754883 78.972503662109 79.957855224609 80.818466186523 81.254554748535 81.725296020508 82.023910522461 81.979118347168 81.39045715332 80.484939575195
-60.976119995117 -54.08602142334 -46.059860229492 -34.287052154541 -25.623689651489 -21.95422744751 -20.252807617188 -19.444791793823 -18.721549987793 -18.297151565552 -17.635021209717 -16.371246337891 -14.698726654053 -11.40243434906 -6.7556324005127 -0.1863842010498 8.2834358215332 18.186429977417 26.781179428101 38.799213409424 51.276565551758 63.469421386719 68.260131835938 68.54899597168 68.382461547852 67.580520629883 66.84790802002 66.3388671875 66.104034423828 66.265182495117 66.779724121094 67.633499145508 68.756454467773 69.681587219238 71.121269226074 72.780960083008 74.562713623047 76.361183166504 77.645027160645 79.298736572266 80.707122802734 81.934265136719 82.949378967285 83.615257263184 84.387397766113 84.981216430664 85.189865112305 84.759216308594 83.890151977539
-59.322967529297 -52.053470611572 -44.178848266602 -32.726982116699 -24.055629730225 -19.509666442871 -17.214775085449 -16.166156768799 -15.487429618835 -15.051522254944 -14.761452674866 -14.08181476593 -12.987515449524 -10.604391098022 -6.8062362670898 -1.1015357971191 6.6590270996094 16.015819549561 24.256950378418 35.990543365479 47.604099273682 58.419437408447 64.158920288086 65.523704528809 66.025886535645 65.834365844727 65.43985748291 65.287002563477 65.30647277832 65.801216125488 66.632553100586 67.779457092285 69.131149291992 70.134368896484 71.744674682617 73.500823974609 75.31559753418 77.235244750977 78.59903717041 80.416793823242 81.961273193359 83.338706970215 84.514907836914 85.230117797852 86.178207397461 87.024505615234 87.356216430664 86.989395141602 86.118705749512
-59.129814147949 -51.41096496582 -43.666221618652 -32.948589324951 -23.744924545288 -17.768882751465 -14.238405227661 -12.651761054993 -11.57807636261 -11.320966720581 -11.317959785461 -11.386353492737 -11.043264389038 -9.8733053207397 -7.2545928955078 -2.6757926940918 3.8634490966797 12.703712463379 20.40518951416 31.384576797485 42.091575622559 51.515399932861 57.884727478027 60.271392822266 61.929748535156 62.721740722656 63.166923522949 63.529541015625 63.929626464844 64.855239868164 66.171020507813 67.733497619629 69.350112915039 70.575813293457 72.348030090332 74.233200073242 76.173553466797 78.236854553223 79.718322753906 81.608497619629 83.425621032715 84.989807128906 86.314758300781 87.204299926758 88.33723449707 89.226432800293 89.730583190918 89.394508361816 88.554794311523
